0366255665
0972551200
0366235878
0334140866
0989146483
0983197120
0977924675
0395269038
0357318998
0967795459
0358251199
0904896929
0363688122
0902050890
0343262189
0985246670
0962045856
0343182640
0972427465
0336654414
0968137222
0964130992
0972754486
0918519163
0374728021
0988539893
0372098494
0975109097
0358862323
0336322954
0386700489
0907925875
0973489261
0997568686
0989124768
0376522524
0989765783
0915085388
0859598324
0366254794
0353616791
0964669462
0985953261
0977696565
0909069386
0944488073
0904461505
0944833368
0983691911
0978301699
0983762129
0944498767
0987794297
0936407107
0376432920
0826729041
0327839285
0904303677
0966976968
0966678094
0373468631
0855121295
0935996389
0968995432
0987936926
0914341989
0976696159
0986778295
0973764559
0912293369
0335272605
0974185195
0912207351
0947473301
0942224328
0369696913
0377743699
0378961611
0987652318
0964532019
0968629939
0912852482
0989892833
0932490233
0988482354
0329792119
0563338665
0397825931
0903429584
0966959520
0396166232
0914088896
0826666495
0349726439
0349502293
0979313593
0986825246
0832977668
0386800569
0902234552
0904154151
0914892998
0972444535
0363573563
0352671768
0912193698
0362022118
0979437013
0374912343
0359078728
0963433009
0926116789
0945290327
0902160984
0778499644
0986337890
0979903217
0987254064
0365481668
0338938838
0975660587
0989613295
0989820220
0982861601
0339868685
0988444660
0943333990
0989598873
0393405044
0358315822
0396949478
0355125915
0796394364
0918590994
0968255693
0359593708
0969638602
0373453894
0962158341
0858899789
0382380008
0936064468
0766041231
0912338392
0917798885
0936411216
0943489989
0944833104
0944248727
0967097632
0988759623
0975283336
0399459094
0986108869
0906598688
0367540784
0986692942
0978661093
0908818886
0946280588
0366514698
0969163223
0949719783
0337595933
0936352329
0963046148
0353563707
0988054117
0398247233
0372035559
0378968300
0969871872
0977849294
0963151350
0936043666
0976373796
0977752230
0919866826
0393315015
0904754454
0989496183
0912286929
0971315113
0364132378
0982641666
0975391986
0977119893
0702026417
0936393995
0357255724
0927278480
0853538668
0349170600
0984020240
0358649505
0987511455
0976608592
0933757881
0974006162
0961272868
0962197368
0328479806
0353488838
0964777293
0938704266
0976553300
0393258797
0984790011
0966745687
0987418921
0327252741
0967917444
0963137093
0364571985
0976403055
0978301592
0961757246
0949879394
0398372222
0943408156
0858862397
0369421266
0384776005
0947104169
0377876139
0822929596
0966692462
0969976832
0985843434
0971193333
0968096680
0339535206
0986858866
0978865287
0347675658
0942719177
0975024404
0399666088
0979169126
0911228088
0359390515
0349586573
0939173249
0943468134
0325675544
0356866818
0981855155
0932968986
0904229956
0904323344
0903070282
0982086898
0902343663
0975522749
0353862668
0335476106
0966739997
0976903989
0389106407
0918569662
0354860000
0983304939
0976828910
0974847592
0987697539
0906115525
0983232390
0357461583
0989386684
0348193880
0979911160
0969063238
0335112229
0383203985
0976106738
0385133164
0349585434
0983825894
0986885822
0389253354
0973835235
0904887686
0942392317
0946024689
0986092794
0969899096
0966190596
0947375728
0996299981
0979779192
0857318888
0947502249
0986129009
0968431996
0368327084
0917391285
0344198684
0902197486
0972955863
0977057141
0345458674
0969675115
0977725056
0979638358
0357691335
0376571685
0969304890
0382483989
0976661005
0987851788
0977223358
0964525612
0983898928
0353069888
0903429451
0976758262
0977194034
0338978880
0965371501
0962883594
0349677515
0358066785
0327961280
0942562881
0356111663
0949907265
0705150912
0988578922
0942939933
0963163798
0965189832
0944873112
0369483877
0335039189
0903356788
0987253380
0912377101
0349988869
0978540608
0906028595
0839853230
0399601765
0978113366
0353240989
0988395520
0356666501
0902104468
0385666221
0916845665
0985999822
0979579057
0855149541
0987930285
0965252104
0973582230
0842657585
0373268453
0987009582
0903282671
0911199663
0334509480
0342466797
0912849923
0859388489
0986388912
0912727212
0944944704
0986138694
0966718228
0984948062
0912294296
0363771638
0906600080
0919823329
0333036789
0948026307
0904219953
0763077088
0942466415
0964216405
0968843254
0365944423
0979693726
0982626679
0967667248
0969898806
0915872248
0936116138
0386633559
0962056923
0378389866
0983995887
0902349327
0973514626
0949341518
0768587200
0936081004
0858303115
0985783886
0944339594
0345778559
0977626000
0364343226
0946114883
0972900295
0396316500
0368876472
0973695483
0383635850
0389678262
0936545431
0975390010
0823361530
0944480647
0383637711
0937653633
0344655168
0913746942
0368587706
0979660807
0988162281
0358424197
0388252165
0343064839
0986500695
0379644010
0982968987
0379726031
0369312377
0918197102
0972290690
0964841683
0382947832
0965791794
0904753221
0969328798
0947688705
0973247680
0975013261
0962333681
0392874661
0978420344
0975655660
0355745007
0978829745
0355624581
0982064394