0969938416
0988603205
0988603205
0969750267
0965953874
0986188687
0986188687
0988849391
01682316280
01689623954
0986351122
0968568360
0968675858
0968675858
0968675858
0978744799
0912189947
0974572245
0904123222
0904123222
0902231022
01674237282
0987878899
0979931468
0432059666
0432059666
0968675858
0983256119
01659018897
0912189947
0912189947
0906061688
0974572245
0986330893
0986330893
0904606676
0983296858
0962378338
0969321886
0968675858
01684940338
0988849391
0988603205
01689623954
01657109367
01644997701
01657109367
01644997701
0978975234
0962493299
01657109367
01644997701
01644997701
01682341976
0903214883
0973732711
01667666688
0983256119
0983256119
0983256119
0962493299
0902231022
01667666688
01649636291
0906061688
0906061688
0906061688
0968160000
0983256119
0966212929
0968160000
0968160000
0968160000
01682341976
0987878899
0986330893
0983820165
01688358345
0964615836
0964615836
0987878899
0987878899
0987878899
0987878899
0983256119
0987878899
0987878899
0987878899
0947473993
01639793618
0979931468
0986351122
01234568589
0904123222
01682341976
0983274176
01696722532
0968160000
0968160000
0968160000
0938614174
01689623954
0982339933
01639793618
01688358345
0977704996
01648055451
0986330893
0913188959
0966956595
0966956595
0986330893
01634243704
0968160000
0915115751
01689623954
0982014780
0982014780
0983274176
01689623954
0906061688
0983256119
01234123321
0982014780
0974890087
0917683761
0974890087
0984932104
01683971328
0949556323
0949556323
0949556323
0949556323
01644738813
01649204221
01649204221
01649204221
01649204221
0983961893
01675058043
0974890087
0974890087
0983961893
0983961893
0961251815
0912075110
0962663802
0962663802
0912782244
01686380641
0987733474
01686380641
0909021193
0988694796
0982494395
0918889981
0439910033
0439910033
0984932104
0984932104
01633932043
0966140804
01686380641
0984932104
0984932104
01686380641
01686380641
0903417707
0439910033
0439910033
0439910033
0903417707
0963362689
0982479259
0982479259
01644738813
0943851313
0986959021
0962271286
01648069521
0975432008
0439910033
0439910033
01667117350
01667117350
0439910033
0439910033
0439910033
01644738813
01667117350
01667117350
0974890087
0984932104
0904929196
0904929196
0984932104
0986959021
0942374927
0986959021
0984932104
0439910033
0976595878
0976595878
01267896817
0976595878
0984932104
0917683761
0988439220
0917683761
0917683761
01693304896
0903417707
01684028742
0974890087
0982494395
0963362689
0986959021
0984932104
01693304896
0912782244
01653424720
01885066749
0433966888
01656302269
01656302269
01683480560
0912201218
0912201218
0965683113
0916649984
01683859928
01683859928
01696328880
01696328880
01696328880
0982798074
01297899336
01656302269
01683859928
0916297771
0944502560
0944502560
0986411509
0972527927
0987773016
0987773016
01885066749
0902653886
0974307448
01664862891
0962493299
0947229186
0916062866
0916062866
0915518911
0915518911
0915518911
01693420388
01677484542
0986854470
0986854470
0986854470
0986854470
091688634
091688634
01626950105
0901784484
0901784484
01626950105
01626950105
01626950105
01693420388
0912130116
0976945558
0976945558
0915518911
0915518911
0915518911
0915518911
0913238576
098323934
0912201218
098323934
098323934
0989262686
01694153710
0904148048
0973047698
0983375181
0983375181
0989186848
01694153710
01694153710
01698105073
0975596944
0989186848
0988191180
0983375181
0983375181
0988191180
0965683113
0965683113
0965683113
0965683113
0433966888
01668381782
0902653886
0915342318
01626950105
0902653886
0902653886
0918934209
0918934209
0989186848
01642982394
0927616989
0927616989
0936125575
0989186848
0987773016
01636052216
0964194534
0973527416
0965683113
01642982394
01677630829
01677630829
33333
0988523006
0986854470
0977844719
0977844719
0912130116
0902653886
0912051468
0912051468
0948071526
01656063828
01656063828
01664789810
01656063828
0965683113
01682693963
01682693963
01682693963
0965683113
0965683113
0965683113
0962493299
0944779919
0932388823
0944779919
0944234895
0944234895
0944234895
0944234895
0985353889
0912179326
01626492042
0903295712
0987611909
0985130633
0985130633
0988621496
0988621496
0988621496
0971204123
0902120823
0985428756
01663509826
01646686987
01646686987
01646686987
01646686987
0962581669
01646686987
01646686987
0985353889
01668735663
0913181456
0913181456
0944234895
0944234895
0979487757
01237170998
0937901268
0904170480
0979487757
0979487757
0163861792
0961392885
0961392885
01683302963
01683302963
0904170480
0989335051
0163284985
0981033397
0981033397
01663509826
01237170998
01686798957
0981033397
0973942025
0913578716
0961392885
0902946666
01667243883
01667243883
01638606285
0915546955
01236056692
0985405435
0981033397
0985080878
0163861792
0966609063
0989335051
0937901268
0967213459
0989335051
0942892536
01693979476
0909468468
01667243883
0937901268
0937901268
0937901268
0937901268
01216255100
0909468468
0983063145
0163284985
01656366665
0973942025
0973942025
01668735663
0988924689
0979010578
0909468468
0989259201
01668735663
01668735663
0948488147
0985080878
0988146773
0973942025
0973942025
0976662855
0944234895
01638734579
0967213459
01216255100
0902946666
0902946666
0902946666
01277886911
01277886911
01277886911
01699701333
01216255100
0902946666
0902946666
01674680651
0982410200
01225676584
0932388823
01667243883
09743178889
0987310058
01216255100
0942868892
0942868892
0979487757
01676678000
0912550578
01626492042
09743178889
0912870956
0944938886
01626492042
01674680651
01638734579
01646686987
01638604470
0981033397
01638734579
01646686987
01646686987
0912550578
0973362918
0966609063
0966609063
0966609063
0942995996
0942995996
0966609063
01638604470
01638604470
0903295712
0902120823
0902120823
0978199356
01237170998
0968144481
0905050532
0932388823
0932388823
09743178889
0969933173
0949344619
0974971665
01689993437
01246941170
0973610450
0973610450
0988162521
0988162521
0988162521
0982256990
0982256990
0982256990
0982256990
0982256990
0983048994
0983048994
0979934216
01673553228
0983048994
0983048994
0969933173
01675154906
01692812562
01692812562
01692812562
0906236668
01636481328
01636481328
01636481328
0986881660
0977600327
0977600327
0912308867
0913591881
01232286949
0982744444
0982744444
01246941170
0904961959
0977600327
0915425741
0969532326
0915136600
0915136600
01246941170
01634398932
01634398932
091688634
0961189235
01663486059
0973483218
01223272791
01232286949
0986623195
0986623195
0986623195
0986623195
0902232328
01227270272
0988633840
091688634
0982256990
0933868486
01636481328
01636481328
0904375620
0936930095
01674104470
0986623195
01232286949
0973483218
0973483218
0988370807
0906280189
0942374927
0904252341
0969532326
0972882862
01694887089
01694887089
0437741085
0437741085
0962999534
0975895300
0973483218
0972820583
0979700231
01678786886
0437741085
0437741085
0988094712
0943955750
0982256990
01656121082
01656121082
01656121082
01663486059
01656121082
01656121082
01656121082
01656121082
0903323969
0903323969
0903323969
01242499888
0982705677
0969532326
0988094712
0988094712
0902232328
0978955548
0902160784
0974867876
01656121082
0913053612
0913591881
0983766178
0913311383
0913311383
0985453304
01674104470
0986623195
01674104470
0986623195
091688634
01675154906
01675154906
0972820583
0972820583
01689993437
0902160784
01635402116
0916013963
01685848585
01685848585
0964829156
01694887089
01673553228
01673553228
0984458376
0984458376
0913311383
0969933173
0904375620
0961189235
0961189235
0961189235
0963689906
0979262257
01692812562
01682162876
0913562904
0913562904
0979262257
0962631116
0979262257
0988162521
0984442195
0973075689
0973075689
0969933173
01692812562
0917511202
01673553228
01673553228
0982705677
0926164022
0977600327
0985406628
0985406628
0986881660
0977050833
0963212345
0966454034
0986809366
0986809366
0986809366
01636481328
0938607170
0938607170
0936334811
01636481328
0985453304
0972521986
0915136600
0949344619
0968536030
0968536030
0933868486
0977473992
0913205462
0988370807
0974971665
0943686659
0986211353
0919426510
0919426510
01674104470
0913205462
0913205462
0913205462
0916013963
0984055055
0949344619
0916013963
0962126291
0989961809
0924529649
0972521986
0978676953
0978676953
0979262257
0986809366
0976200935
0978676953
0963899277
0966174081
0966174081
0966174081
0906014121
0966997192
0904548050
0966997192
01686821212
01686821212
0967361982
0433966888
0989571619
0967361982
01664534008
0935571993
0988440865
0986568091
0976272764
0904348644
0987997621
0974012122
01682289211
01676590577
01683802797
01635443899
0912917272
01686821212
0912917272
01686257306
01686257306
01626697642
01626697642
0989435190
0989435190
01676590577
01676590577
01676590577
0974012122
0979219110
0916107007
01638900150
0988440865
0983599899
0981053598
0936108079
0936108079
01686257306
0941070734
0988285181
0906014121
0912917272
01693884694
0918835336
0918835336
0984203064
0984203064
0912053874
0975992823
01269018287
01658198936
01269018287
0972668629
01635443899
0904308064
0904308064
0948301196
0906061688
01626697642
01269018287
0962029680
01269018287
0979219110
01233578998
0989431999
0989431999
01656255584
0989435190
0975683399
0976735912
0976735912
0904359270
0983599899
0983599899
0983599899
0974328473
0965742295
0433966888
01656255584
01656255584
0962644339
0963899277
0976272764
0979858074
01656000145
0916501492
0918884499
0988440865
0916501492
0988440865
0988440865
0984448452
01667719867
0918884499
0904230226
0904230226
0904230226
0904230226
0977491260
0984448452
01633000881
01633000881
01633000881
0983976687
0983976687
0976272764
0976272764
0976272764
0983599899
0962644339
0962644339
0983003483
01676576317
0944910196
0163586923
0968162694
0968162694
0904230226
0913181203
0977491260
0979858074
0979858074
01674346561
0912589792
01674346561
01674346561
0981413183
0985727387
0985727387
01638900150
0946494886
0976735912
0978640964
0946494886
0946494886
0983976687
0983976687
0966174081
0995451943
01646620799
0985727387
0962644339
01646620799
0976587332
0976735912
0976735912
0965742295
0965742295
01664534008
01664534008
01664534008
0984448452
0968162694
0376743776
0376743776
0982936028
0376743776
0948622592
0963449460
0963449460
0948622592
0978585697
0978585697
0967678887
0934205333
0981053598
0981053598
0947484078
0936437078
0979682180
0979070331
0983267755
0979070331
0979070331
0966538281
0936437078
0936437078
0987838420
0987838420
0942553405
0948622592
0982848181
0942553405
0966538281
0976545028
01655762972
01655762972
01655762972
0986063668
0986063668
01655762972
0976545028
0983259459
0947484078
0983259459
0983267755
0989293309
0964889715
0964889715
0936006906
0914990139
0979682180
0982790176
0913002791
0989293309
0936441335
0936441335
0936437078
0936437078
0946490831
0989293309
0989293309
01697016545
01697016545
01697016545
0946490831
01655762972
0914990139
0914990139
0914990139
0948622592
01673090945
0936441335
0967993535
0936441335
0936437078
0936437078
0936437078
0987233585
0967678887
0987233585
01695968207
0967059576
0963227623
0932555899
0966124026
0963227623
0978585697
0967678887
0914539519
0979718351
0966664095
0967678887
0978601905
0983259459
0978601905
0948622592
0913136360
0964889715
0984318879
0984318879
0987838420
0978585697
0978585697
0963972286
0989152148
0903226367
0903226367
01652163535
0966369869
01672773894
01672773894
0976195160
01652163535
0976195160
0934851939
0903214060
0903214060
0936336586
0963972286
03516263108
0997253224
0997253224
0983059712
0983059712
0963301362
0984374143
0934851939
0975510565
0989152148
0963301362
0983702374
01649931429
0903226367
0903226367
0915700888
0975510565
0966484525
0904108386
01662966826
0903226367
0969826501
01662966826
0963301362
0963972286
0997253224
0983702374
0983702374
01688693988
0982235885
0915700888
0963972286
0977768283
0977768283
0977768283
0977768283
0948577844
0906138019
03516263108
0904023337
0985691665
0983982662
03516263108
03516263108
03516263108
01665885086
01698399632
01698399632
01887043289
01675544776
0918899720
0977768283
01652163538
03516263108
03516263108
0904779931
0984568876
0963972286
0966803797
0984568876
01665885086
0903226367
0989152148
01677805781
01677805781
0974212570
01675544776
0962163220
0987807119
01657977940
0962163220
0962163220
0962163220
0978571027
0904779931
0974212570
0982079070
0902212133
01634435560
0914680098
0979385998
0979385998
0948558525
0914680098
0962272869
01674151111
0972703122
0972703122
0972703122
01639337188
0962272869
0962272869
0972703122
0975807621
0975807621
0982882482
0948849666
0942105929
0936668280
0988629631
0942105929
0942105929
0975807621
0975807621
0975807621
0975807621
01677450977
0978771909
0977904241
0912558182
0912558182
0983545000
0946699698
0946699698
0966406574
0976433283
0976433283
0982882482
0914680098
0982004062
0976433283
0904380622
0988629631
01274705347
01648080407
01668773409
0988629631
0988629631
0988629631
0976479204
0973848181
0986557789
0974436536
0168969930
0982004062
0982004062
0988081097
0988081097
0904573838
0988081097
01274705347
0969370574
0969370574
01633932043
0912745855
0988081097
01662812625
0973848181
0904126598
0983651396
0944798099
0964607192
0983651396
0985928686
01656296438
0987807119
0973848181
0976433283
0976433283
01662812625
0988658919
0988658919
0987781370
0987781370
01648080407
01648080407
0982069178
0983230397
0987807119
0912066816
0982495886
0989099615
0904527515
0932263939
0919782626
0976300722
01658061210
0932263939
0969397020
0969397020
0969397020
0969397020
01669181882
0973023468
0988920333
01669181882
0904103253
0904103253
0936416986
0936416986
0989058305
01669181882
0974994911
0936416986
0936416986
0974994911
0936416986
0948763829
01652039094
0983871531
0943245438
0936437078
01647787633
01647787633
01652039094
0974994911
0974994911
0988765246
0904103253
0947463368
0936437078
0932263939
0932263939
01658061210
01658061210
0947463368
0947463368
0966407666
0912066816
0912066816
0912066816
0912738399
0912738399
0936416986
0988557561
0904833912
01636024881
01636024881
01633000881
01697013333
01667324415
0985313009
0913239354
01636024881
0985313009
0982178764
0982178764
01667339735
01649473795
01636024881
01636024881
0902178855
0902178855
0975240581
0904833912
0904833912
0984218807
01648175094
0943043234
0988557561
01693235832
0986231139
0983437002
0935338556
0985888215
0985888215
0915675576
0915675576
0985888215
0985097227
0985888215
0972395559
0972395559
0985185583
0985185583
0985185583
0916869494
0985185583
0969173033
01692291238
01692291238
0943043234
0913272218
0963081973
0965204444
0965204444
0965204444
0943043234
0943043234
0912351154
0916869494
01699411568
01699411568
01699411568
0986231139
0983230397
0983230397
0983230397
0913272218
0983230397
0972501809
0904927799
0904927799
0983437002
0984567313
0961100928
0985188659
0984055055
0984055055
0984218807
0984218807
0983230397
0969173033
0983230397
0912288323
0912288323
0912288323
0912288323
0985097227
0912288323
0963081973
0963081973
0963081973
0963081973
0965204444
0906014121
01649473795
0985312367
01649473795
01673784686
0975368578
0965699238
0965699238
0988557561
0975368578
0913378413
0989027577
0989027577
0972501809
0981182222
01633000881
0972501809
0972501809
0904927799
0983301607
0983301607
0913239102
0913239102
0917552222
0965326029
0971533688
0963081973
01673784686
0913378413
0979298930
0913327455
0913327455
01636024881
0979298930
0972501809
0972501809
01667324415
01667324415
0938720668
0972501809
01667324415
01667324415
0982645989
0982645989
0982645989
0982645989
0913327455
0983345461
0913327455
0912288323
0944792379
0903277834
01667339735
0984744417
01679584236
0975112133
01649590423
0902000017
0973491939
01658142291
01658142291
01679584236
01679584236
0917762525
01648412838
0973770475
0988676788
0913202988
01674656987
0973770475
0902000017
0967138898
0946641399
0946641399
01257683868
0982048417
01649380639
0986350885
0989670046
0989670046
01293476666
0989331802
0989331802
01257683868
0985193193
0973770475
0986350885
0936186118
0973770475
01658932036
0984549792
0903426183
0903426183
0986086904
0966393415
0966393415
0934593388
0934593388
0436612548
0912172153
0989670046
0985193193
0989349533
0902421247
0902421247
01234101306
01234101306
0962231728
01643093879
0983921092
0915680083
0971979690
0971979690
0912001948
0912001948
01247721668
0983921092
0982744444
0982744444
0975128811
01227652808
0902210681
01666254948
0983278989
0938106026
0967559999
0967559999
0967559999
0967559999
0976421070
0976421070
0976421070
0934484556
0909917109
0989349533
0438363672
0989349533
01694363099
0949291675
0902421247
0902421247
0902421247
0988285140
0988285140
0912006399
0912006399
01649380639
01643093879
0987844999
0983921092
0983921092
0983921092
01649380639
01649380639
0979408622
0979408622
0946641399
0912001948
01697188294
0988676788
0983921092
0983921092
0989331802
0983453132
0983453132
01234101306
0965690900
01234101306
0979447373
0943581288
0988729188
0988729188
0984870151
0988242858
0985391979
0982513168
0967105660
0983029482
0983029482
0988676788