84963627196
841695601630
84395601630
84964222032
841635710366
84335710366
841698976887
84398976887
841675595773
84375595773
84943310548
841687079233
84387079233
84962897910
841627878687
84327878687
841659932469
84359932469
841676808074
84376808074
84944868858
841687266702
84387266702
841654778314
84354778314
841663453790
84363453790
841629901996
84329901996
84962230352
841637496299
84337496299
841689998119
84389998119
84986114941
84963798834
841693097388
84393097388
84989662853
841689232465
84389232465
841682628445
84382628445
84975763360
841686778243
84386778243
841659701974
84359701974
84984243249
841238326048
84838326048
841637971060
84337971060
841259002563
84859002563
84932092668
841674723330
84374723330
84962667104
84966891317
841699887835
84399887835
84978125890
841674860855
84374860855
84975714540
841682699556
84382699556
84972335678
841643799862
84343799862
84983002780
84912212807
84965608303
84964016222
84989092290
841648505364
84348505364
841639683376
84339683376
84965106198
841656142511
84356142511
841207132960
84707132960
841677123580
84377123580
841662660205
84362660205
841668814114
84368814114
841692663071
84392663071
84971557888
841647403928
84347403928
841632687425
84332687425
841685569578
84385569578
841642450236
84342450236
841863178706
84563178706
841695525246
84395525246
841664055701
84364055701
84919326569
84974941663
84994252078
841639709737
84339709737
84985294511
841234078195
84834078195
841658020794
84358020794
84985487597
84963309768
84977685429
841662014216
84362014216
841688336157
84388336157
841206324556
84706324556
841683748446
84383748446
84903460485
841685898133
84385898133
84971985380
84969289891
84965664908
841628706159
84328706159
841657144590
84357144590
841644157218
84344157218
841258848690
84858848690
841698151947
84398151947
84988653629
841294866889
84824866889
841633381228
84333381228
84979060350
84936250721
84936378118
841233168883
84833168883
841633052280
84333052280
841682864080
84382864080
841236040200
84836040200
841693389205
84393389205
84973808204
841692814050
84392814050
841679112426
84379112426
84987237213
841252497115
84852497115
84969203599
84978265762
84965506504
841636828513
84336828513
841205220233
84705220233
841229361788
84779361788
841263100032
84763100032
84967569503
84947973240
841685904917
84385904917
841224371532
84774371532
841232716553
84832716553
84979151297
841632880656
84332880656
84962175020
841696655608
84396655608
84985087427
84936016992
841647571304
84347571304
841299795958
84829795958
841233692670
84833692670
841664139931
84364139931
84971302571
841638989300
84338989300
84968583199
841689929403
84389929403
84912041789
84966252607
84972444381
841665007758
84365007758
84978725889
841664919783
84364919783
841687741234
84387741234
841633340610
84333340610
841673366458
84373366458
84966496190
841672004965
84372004965
84966393823
84987806148
841656532954
84356532954
841292144118
84822144118
841685165798
84385165798
84979608008
841635551072
84335551072
841676835563
84376835563
84967347896
841639015338
84339015338
84965062715
84949598620
841238798946
84838798946
841647982556
84347982556
841293479396
84823479396
84987782326
841678618730
84378618730
84963681968
841686720944
84386720944
84968708998
841633870442
84333870442
841686052531
84386052531
841292826222
84822826222
84962334123
84918881357
841645441431
84345441431
841626316330
84326316330
84982340485
84969567936
84928125555
841663036874
84363036874
84985154313
84979153678
84935845059
84979254923
841654648384
84354648384
841652711480
84352711480
84947023336
841662465315
84362465315
841268976414
84768976414
841667968021
84367968021
841223353460
84773353460
841265112913
84765112913
84914833068
84979944338
841222307564
84772307564
841643445393
84343445393
84984542859
841654266299
84354266299
841645301735
84345301735
84969826936
841652315555
84352315555
841265430340
84765430340
841684895023
84384895023
841669644822
84369644822
84934454235
84941980249
841647715005
84347715005
841633077111
84333077111
841638470369
84338470369
841682438211
84382438211
84945096959
84987834071
841639182443
84339182443
84977477748
841648262707
84348262707
84963777623
84937516573
841686991600
84386991600
84963265696
841697122280
84397122280
841663620611
84363620611
841686615007
84386615007
84979583947
84984568318
84939707071
841684177441
84384177441
84932027957
84975155452
84945332980
841673399979
84373399979
84906310604
841662811823
84362811823
841634510323
84334510323
841279968258
84819968258
84943818040
841655188844
84355188844
84947188486
84938069795
841645196782
84345196782
841264891598
84764891598
841886332783
84586332783
84967413793
841669925128
84369925128
841643607630
84343607630
84972708707
841688423696
84388423696
84901050708
84978907157
841658416568
8435843568
84975095164
84968812156
841635408078
84335408078
84969267121
84919398032
841653109418
84353109418
84982676279
84973781850
841289844433
84789844433
84945693073
84903448553
841234031274
84834031274
841679577635
84379577635
84902529169
841654317345
84354317345
84964325383
841219351180
84799351180
841676057811
84376057811
84973709417
841213623116
84793623116
841268443339
84768443339
84978503400
84984360768
841645883169
84345883169
841643559171
84343559171
84974463444
841669123347
84369123347
84968241836
841659565692
84359565692
841664221628
84364221628
84965504042
84944568589
84931636826
841689798510
84389798510
841652934772
84352934772
84988772122
84977321386
84965315898
84932066130
84918460285
84907909958
84987097570
84945407445
84972731373
84969442386
841262012101
84762012101
84935493030
84948789304
84906006988
841646617275
84346617275
841634639318
84334639318
84909761464
84963185239
841279747476
84819747476
841869365852
84569365852
84976301447
841229789616
84779789616
84907731590
841665082849
84365082849
841292088671
84822088671
84949813989
84962365223
84962033792
84971705624
841658202972
84358202972
84966995298
84966491059
841233818569
84833818569
84975436881
84938551023
841658970007
84358970007
84989881305
841649761866
84349761866
841662671918
84362671918
84972029972
841699521504
84399521504
84925730275
84968414181
841208295425
84708295425
841648521556
84348521556
841885362533
84585362533
84984983013
84945959017
841255955391
84855955391
84935885938
84984084219
841249122270
84849122270
841866882295
84566882295
84936774322
841698837991
84398837991
841687198605
84387198605
84948921058
84964210169
84969707638
84916164383
841638433896
84338433896
841636857468
84336857468
84939546963
841669666325
84369666325
84976078692
84907810736
841215060492
84795060492
84932066625
841217039099
84797039099
841288761386
84788761386
841682710767
84382710767
84939430855
84935564671
841627421902
84327421902
841229030931
84779030931
84986501104
84948292903
84909415887
84988378814
84966958576
84978057172
841643229248
84343229248
84944236244
84993464072
841678827719
84378827719
84942651568
84966292696
84969360051
841224702088
84774702088
84961503177
841672741757
84372741757
84932254322
84976836672
841228679904
84778679904
841657219860
84357219860
841639470188
84339470188
841695629604
84395629604
841656727293
84356727293
841626338785
84326338785
84977226485
84966261699
841654358388
84354358388
841644877640
84344877640
841885359033
84585359033
84979210229
841665354361
84365354361
841696270580
84396270580
84936161381
841283322784
84783322784
84971267717
841693681495
84393681495
841628036885
84328036885
841216827184
84796827184
84979523389
84905650168
841227534357
84777534357
841287278936
84787278936
841264803742
84764803742
841679848960
84379848960
841676314954
84376314954
84939633569
84905786098
84969087728
841649529994
84349529994
841235099002
84835099002
84988448050
841202967432
84702967432
84938262523
84965779197
841656693330
84356693330
841283801729
84783801729
84938537207
84981785307
841626276156
84326276156
841244222988
84844222988
841218400595
84798400595
84937741147
841887162655
84587162655
841668112455
84368112455
841629712300
84329712300
841638365316
84338365316
84904292562
841235841299
8483584829
84942000159
84919110077
841699800519
84399800519
84937073869
84903522089
841683603242
84383603242
841649969131
84349969131
84978781048
841674037635
84374037635
841633486626
84333486626
841697573702
84397573702
841215455778
84795455778
841685193618
84385193618
841672286640
84372286640
84976855951
84937973564
84969764556
841264142599
84764142599
841237222559
84837222559
84946712878
841226911718
84776911718
84943220199
84906686209
841215797606
84795797606
841696072297
84396072297
841652756093
84352756093
84946139982
841677911967
84377911967
84948482040
84948788125
841664411023
84364411023
841698476864
84398476864
841657390174
84357390174
84972023239
841233422105
84833422105
841634240933
84334240933
841697734343
84397734343
841628273371
84328273371
84973127595
84901015493
84976551265
84943200759
84972720928
84977645385
841663546908
84363546908
841889831533
84589831533
841863959654
84563959654
841659314264
84359314264
841684079128
84384079128
841663950862
84363950862
84962922690
841628990898
84328990898
84986357294
841694690941
84394690941
84905247318
84906966275
841658300611
84358300611
841678811017
84378811017
84988016361
84902991922
84934024131
84987673192
84988487718
84935050721
84988824223
841687289533
84387289533
84949897364
841644600664
84344600664
841636663990
84336663990
84935590787
84905720031
841687837361
84387837361
84908873882
841206094595
84706094595
841665713549
84365713549
84924705676
841695487420
84395487420
841296042994
84826042994
84947500996
84937654161
841688927227
84388927227
841635350433
84335350433
84902030064
841637080687
84337080687
84975073339
84933663920
84979643326
841677549051
84377549051
841682164647
84382164647
841628210716
84328210716
84903643236
84939410142
841652054461
84352054461
841687875238
84387875238
841248545456
84848545456
841673771006
84373771006
841219444806
84799444806
84905206701
841664980375
84364980375
841264489015
84764489015
841636658541
84336658541
841228597740
84778597740
841676954195
84376954195
84973987202
841223552456
84773552456
841677002054
84377002054
84947275217
84901518087
841697814045
84397814045
84918925365
841652321398
84352321398
841669006868
84369006868
841693059971
84393059971
841688309608
84388309608
84938815345
841679768874
84379768874
841688773247
84388773247
841646556652
84346556652
84985907781
84902687086
841699489553
84399489553
841646834637
84346834637
84919732542
84926995811
84902037680
841884953268
84584953268
841682934375
84382934375
841868963938
84568963938
841653712065
84353712065
841267882543
84767882543
841696387959
84396387959
841642883775
84342883775
84905347694
841643817465
84343817465
841223607919
84773607919
84982391506
841249928235
84849928235
84966336063
841665366979
84365366979
84935470870
84987861283
841642259555
84342259555
841227928757
84777928757
841635495071
84335495071
84908812939
841686292528
84386292528
84965079373
84935693130
841263295497
84763295497
841653980288
84353980288
84978803917
84961972254
841203264243
84703264243
841674730611
84374730611
841687835943
84387835943
841883859987
84583859987
84947150299
841697521391
84397521391
841675122098
84375122098
841665780702
84365780702
84902690775
841673022273
84373022273
841669738094
84369738094
84947262636
84949582604
841677011407
84377011407
84976475080
841672809640
84372809640
841657807804
84357807804
841869118302
84569118302
841252484994
84852484994
84949935832
841212288551
84792288551
84975865359
84949807064
84914255204
84974930004
84926073580
84907327027
841654741456
84354741456
841293996706
84823996706
841672068560
84372068560
841694329195
84394329195
841203493490
84703493490
84937822164
841208421494
84708421494
84989961073
841278001397
84818001397
841632790169
84332790169
84935255258
84906517894
841262525800
84762525800
841663817098
84363817098
841215103351
84795103351
841628995946
84328995946
84968499042
84985418985
841698196261
84398196261
841695619734
84395619734
841646505214
84346505214
841697995850
84397995850
841228890212
84778890212
841288200193
84788200193
84964153041
84908376517
84909825779
84985395173
841642318740
84342318740
84939514978
84915747594
841656324004
84356324004
841628961647
84328961647
841649239414
84349239414
84937158233
84901636578
84937003703
84935314174
84934829413
84962133960
84984471250
841633118306
84333118306
841683551153
84383551153
84938632529
84902854686
841654463829
84354463829
841225862851
84775862851
84917617030
841668136420
84368136420
84987424989
84973665945
84983851859
84961029827
841695215115
84395215115
84934010675
84912632207
84901485412
84901181040
84966977369
841675756430
84375756430
841648452963
84348452963
841634539433
84334539433
841644529913
84344529913
84909914217
84972379009
841866843308
84566843308
841265410465
84765410465
841685122378
84385122378
841658349550
84358349550
84933983904
841659598325
84359598325
841693809247
84393809247
84984313747
84912089555
84985486590
841682735393
84382735393
84931698160
841634908275
84334908275
841629136929
84329136929
841663402409
84363402409
84975276364
841696055810
84396055810
841655655526
84355655526
84966589330
841225902399
84775902399
84913399349
84938443138
841648372050
84348372050
841659138658
84359138658
84978309570
841643892609
84343892609
84982364319
84963862441
841688953592
84388953592
84935769562
841638044739
84338044739
84933283802
84983270083
84947382683
841697221564
84397221564
84914163305
84982466475
84976782030
84908856089
841245555979
84845555979
84905663884
84937840280
84935501105
841697481242
84397481242
84906635695
841677736166
84377736166
841629571345
84329571345
841644724835
84344724835
84902934765
841698893445
84398893445
841682817212
84382817212
84903050391
841286435058
84786435058
841993262627
8593262627
841699204933
84399204933
841214281549
84794281549
841653931214
84353931214
84975809998
84949458812
841678959941
84378959941
84942176240
841633374982
84333374982
84982183946
84908333241
841649256193
84349256193
841644155740
84344155740
84911734263
841654092147
84354092147
84934056213
841654956965
84354956965
841659054785
84359054785
84905169291
841236666879
84836666879
84965033507
84906401428
841638888959
84338888959
84982768150
841663395636
84363395636
84919417388
84981137773
841666309979
84366309979
841667359259
84367359259
841684978737
84384978737
841649160677
84349160677
841644870436
84344870436
84946494593
841207461772
84707461772
841679841241
8437984841
841676138565
84376138565
841639122313
84339122313
841666003128
84366003128
84917989666
841262761067
84762761067
841643327095
84343327095
84914172146
841637032424
84337032424
84909563380
841667533515
84367533515
84983496836
84943151668
84935883974
84939287547
841692396429
84392396429
841629292845
84329292845
841266744501
84766744501
84964622017
841637145816
84337145816
841233359391
84833359391
84964964135
84908698960
841675502596
84375502596
84969794590
841252716275
84852716275
841225605044
84775605044
841657378559
84357378559
84968814898
841666665305
84366665305
841644917615
84344917615
841626820629
84326820629
841692718527
84392718527
841685898970
84385898970
841223002378
84773002378
841679404298
84379404298
84916588879
841633156311
84333156311
84905434714
841634670812
84334670812
841268655877
84768655877
841202467184
84702467184
841865149684
84565149684
84974397483
841654611236
84354611236
84943023488
841278490463
84818490463
841232979140
84832979140
841626100499
84326100499
84913620674
84986497230
84939239233
84902456615
841663757937
84363757937
841677783522
84377783522
841627750398
84327750398
84916883019
84971861167
841649391595
84349391595
84981205981
84925058581
841264545338
84764545338
84909982901
84982850325
841224514999
84774514999
841685586065
84385586065
841225637406
84775637406
841217639832
84797639832
84934091492
841646138356
84346138356
841203557494
84703557494
84965249420
841207023349
84707023349
841633993423
84333993423
841684595930
84384595930
841232371865
84832371865
841678329864
84378329864
84904563682
841664315394
84364315394
84983643424
841676869708
84376869708
84909603890
841884285910
84584285910
84938293808
84963912272
841659134833
84359134833
841203048053
84703048053
841287079261
84787079261
841206628885
84706628885
841657243965
84357243965
84978002734
841687003142
84387003142
84979147862
841629550012
84329550012
84907123225
841285225351
84785225351
841643335976
84343335976
84968364740
841673953279
84373953279
84934096000
841677582286
84377582286
841203031264
84703031264
841685333829
84385333829
841288589476
84788589476
841674545908
84374545908
84933264006
841667842565
84367842565
841675015410
84375015410
84962365672
841264399841
84764399841
84987189597
841658970270
84358970270
841697555125
84397555125
841683741700
84383741700
841635061907
84335061907
84983767458
84982446156
841633004908
84333004908
84917265389
841284343539
84784343539
841658611992
84358611992
84912221081
84963687053
84962071790
84968130074
841654071933
84354071933
84974838401
841656180907
84356180907
841683686230
84383686230
841265202748
84765202748
841694872896
84394872896
84969211504
841693877196
84393877196
841243355637
84843355637
841627722582
84327722582
84915328337
841636018170
84336018170
841696591268
84396591268
84903114620
841683554174
84383554174
841698175822
84398175822
841882235675
84582235675
84923752966
84935365020
841278565787
84818565787
84982637926
84978100736
841687949384
84387949384
841635267554
84335267554
841225608776
84775608776
84981216314
841666234220
84366234220
841288783958
84788783958
84961031621
841634519057
84334519057
841689627207
84389627207
841698868025
84398868025
84939102886
84988240411
84963344814
841634902664
84334902664
841228495388
84778495388
841655056378
84355056378
841627043092
84327043092
84905401456
84945841665
841275413124
84815413124
84935265591
841274994175
84814994175
841677061971
84377061971
84967395252
841663769111
84363769111
841696625727
84396625727
84966681771
84939883983
84997325548
84904499389
84966260366
841283254194
84783254194
841664213262
84364213262
841664661094
84364661094
84932456730
84969295028
84916628842
84967712662
84962800901
84938732019
841648216415
84348216415
84985836129
84972850989
841699290037
84399290037
84933646633
84969083092
84994535357
841883961323
84583961323
841217333789
84797333789
841886348227
84586348227
84909752825
84907663771
84964909291
841668397392
84368397392
84973850510
841695258396
84395258396
84972515643
841673302289
84373302289
84913191222
841635497671
84335497671
841642806599
84342806599
841649677221
84349677221
84935516441
84932087796
841642013470
84342013470
841653059771
84353059771
841868908002
84568908002
841882484981
84582484981
84935317911
84935373694
841264372886
84764372886
841626981173
84326981173
84985492790
841222711453
84772711453
841679776967
84379776967
841642733772
84342733772
841213533368
84793533368
84932547840
84968884475
84908886117
841648619594
84348619594
84995919866
841696059786
84396059786
84908664673
84913757262
84919389918
84909027214
841655770017
84355770017
84909025352
84914078368
841674193969
84374193969
841663484922
84363484922
84978185116
841687085484
84387085484
841696530364
84396530364
841664709375
84364709375
84967800209
84984582711
841696103467
84396103467
84913138498
84949991604
841226966696
84776966696
84932266315
841642439401
84342439401
841227015798
84777015798
841666793137
84366793137
841203844591
84703844591
841224791878
84774791878
841663411850
84363411850
84968559023
841212095704
84792095704
841653525306
84353525306
841699860155
84399860155
841694020520
84394020520
841667261672
84367261672
84904907703
841669535157
84369535157
84904159010
841683949638
84383949638
84967100938
841626241908
84326241908
841652032627
84352032627
841699356385
84399356385
841689388933
84389388933
84942242656
84932266150
84909019107
84917642037
841238297294
84838297294
841642803917
84342803917
841236991849
84836991849
841656232154
84356232154
841698113915
84398113915
841668790801
84368790801
841656034306
84356034306
841206883363
84706883363
84927430710
841248313935
84848313935
84905066818
841642059311
84342059311
84919957065
84909553568
841627321847
84327321847
84935528466
841627890995
84327890995
841227531317
84777531317
841632569578
84332569578
84905996669
841668706734
84368706734
841693876998
84393876998
84934783634
84901028968
84907067309
841647961523
84347961523
84906837329
841882588502
84582588502
84927058454
84937513285
84978017912
841684333074
84384333074
84974843978
841627252362
84327252362
841692612245
84392612245
84977643940
84908998920
841654758334
84354758334
84946602965
841262168512
84762168512
841688338600
84388338600
841628552833
84328552833
84969439457
841658228681
84358228681
841669684441
84369684441
84934852560
84942316097
84972520523
84977836395
841676357909
84376357909
84901442369
84985201035
84927130009
841232358908
84832358908
841207670657
84707670657
841634009288
84334009288
841658353143
84358353143
84974616769
84933934350
841679188945
84379188945
841697895315
84397895315
84979429158
841882594289
84582594289
841684884974
84384884974
841275200230
84815200230
841639307098
84339307098
84979433209
84967471240
84975004496
84969488261
84913999001
841695842395
84395842395
84938498876
84905787191
841222010876
84772010876
84948927228
84902973851
84982929288
841636525300
84336525300
841652523811
84352523811
841662081088
84362081088
84937852389
841667280488
84367280488
841636952000
84336952000
84982387165
84909439294
841666794536
84366794536
841208354161
84708354161
841644445024
84344445024
841265500106
84765500106
841626278628
84326278628
84971934204
841226279696
84776279696
84947703805
841887341443
84587341443
84979958489
841262819115
84762819115
84978977078
84924331736
841666635808
84366635808
841203047787
84703047787
84903544867
841205487015
84705487015
841215688829
84795688829
841649894919
84349894919
841626404495
84326404495
84908459652
84975310819
84962240199
841653211472
84353211472
84965823184
84942064616
84938841827
841664302211
84364302211
841644477587
84344477587
84964388150
84969523291
84908898428
84987813325
84946143717
84974784978
84902533470
84907248169
841215001600
84795001600
841667711802
84367711802
84976749811
841629448519
84329448519
84905585920
84907888169
841287070521
84787070521
841685294278
84385294278
841647414648
84347414648
841655304126
84355304126
84909140591
84919931772
84972235512
84964380801
841686245651
84386245651
84986959925
84902497497
84908070030
841658818835
84358818835
84939900673
841643966832
84343966832
84986224203
841695600074
84395600074
841223807416
84773807416
841227284411
84777284411
841655511279
84355511279
84983644042
841228869009
84778869009
841653179124
84353179124
84967847312
841204835422
84704835422
84975828757
841285037922
84785037922
841683580432
84383580432
84968875531
84902524848
841656335163
84356335163
841259100118
84859100118
84979142794
841683360270
84383360270
84985620325
84987570149
841235000213
84835000213
84966590214
84978770866
841666185929
84366185929
841682588653
84382588653
84962939605
84973392507
841653406904
84353406904
841677139874
84377139874
841652264900
84352264900
84965056392
841675143818
84375143818
84983147991
84918387786
84972632514
841696097355
84396097355
841206515190
84706515190
841886188951
84586188951
841652241171
84352241171
841632445567
84332445567
84944670229
84909419199
84979488646
84913948968
841693841409
84393841409
84908559236
841216085179
84796085179
841688971329
84388971329
84965055239
841686671453
84386671453
84903306450
841642632009
84342632009
841208229923
84708229923
841683317542
84383317542
841696166141
84396166141
84917739716
841672872961
84372872961
84935698366
84938896010
84962752944
841225142584
84775142584
84972150138
841627179733
84327179733
841645306985
84345306985
841643496942
84343496942
84977514272
841674818258
84374818258
841867725293
84567725293
841692402199
84392402199
841688980805
84388980805
84932032942
841664025230
84364025230
841652101212
84352101212
84973751193
841643641675
84343641675
84949720078
84961211206
841882391988
84582391988
841632057708
84332057708
84938039309
841226209367
84776209367
841214435256
84794435256
84988762903
841652698251
84352698251
841653267863
84353267863
841659830482
84359830482
84963740593
841689236665
84389236665
841208364318
84708364318
841658597949
84358597949
841649922181
84349922181
841683634569
84383634569
84939736527
841664908842
84364908842
841643889998
84343889998
84937277037
84918519990
841697631539
84397631539
841653713410
84353713410
84975556862
84909547998
841682395623
84382395623
841665111261
84365111261
841265624286
84765624286
84909034138
84933567162
841889148145
84589148145
841644198161
84344198161
841694884192
84394884192
84962724907
841695994980
84395994980
84911962470
84935882657
841633374447
84333374447
841659007513
84359007513
84905392053
84972799775
84915390618
84918984747
841264505387
84764505387
84918510360
841867735175
84567735175
84913859339
841657972850
84357972850
84968273760
84949572312
841687704775
84387704775
841626443099
84326443099
84971381834
841697281464
84397281464
84949485011
84907436692
841282372798
84782372798
841637915560
84337915560
84969034892
841883277067
84583277067
84912744523
84938736603
841664268436
84364268436
84902744105
841212999007
84792999007
841629741331
84329741331
841668516747
84368516747
841643475338
84343475338
84964213439
841625190055
84325190055
84932002453
841653263591
84353263591
84979131834
841665401830
84365401830
84979417866
841683119880
84383119880
84969130977
84949205287
84976102620
84941754679
841693614936
84393614936
84932297888
84909808210
84982971153
84919387053
841699057119
84399057119
84933107919
841663360417
84363360417
84903807313
84986660762
84976684660
841684975987
84384975987
841688198580
84388198580
84903934445
84927543243
841234579875
84834579875
841215533056
84795533056
841887978363
84587978363
841226756405
84776756405
841664350337
84364350337
84975901594
841629999768
84329999768
841286754116
84786754116
84906571546
841657761090
84357761090
84987597647
841695261630
84395261630
841992983765
8483983765
841659561779
84359561779
84961705725
841644002631
84344002631
84939115139
841663034406
84363034406
841666240379
84366240379
841697898950
84397898950
84963835884
841264203956
84764203956
84932624768
841688516311
84388516311
841636067910
84336067910
84905742752
84938416633
841637226626
84337226626
84973051628
84909778289
84948084540
841683107289
84383107289
841265005571
84765005571
84905514274
841292213665
84822213665
841634560580
84334560580
84948747577
84903647800
841648331246
84348331246
84905817533
84918808215
84969668918
84944633447
841697516157
84397516157
841628846713
84328846713
841203130832
84703130832
841626139892
84326139892
84981876916
84932663382
84903906744
841689224678
84389224678
841652296779
84352296779
84909970037
841653121186
84353121186
841264572184
84764572184
841665919419
84365919419
841628879629
84328879629
84966131820
84982624633
841202316646
84702316646
841865233455
84565233455
84969527282
84973233043
84982254747
841292090299
84822090299
841662007665
84362007665
84962216150
84977005643
841634155126
84334155126
84905591390
841223040538
84773040538
841638867606
84338867606
84912622422
841294770462
84824770462
84964090242
841654799347
84354799347
84983776836
841692426588
84392426588
84983279622
841228984099
84778984099
841662756975
84362756975
841682874299
84382874299
841678883166
84378883166
84935320663
84938711312
841628181991
84328181991
84932083698
84946167016
84913158008
84962819271
84905500644
84932886646
84917892788
841232748361
84832748361
84905167558
84938707063
84969916198
84945112012
84919416662
84933105308
84909198105
841633854964
84333854964
841232913928
84832913928
84966362102
841687500390
84387500390
841636845856
84336845856
841667196262
84367196262
841886167934
84586167934
841647995204
84347995204
841639071973
84339071973
841659242039
84359242039
841657233899
84357233899
841645566308
84345566308
841666948469
84366948469
841864556784
84564556784
841284679432
84784679432
841673664313
84373664313
84988661790
84906584942
841645736455
84345736455
841282529798
84782529798
84932182453
841665666251
84365666251
841215230544
84795230544
84937543973
841869300383
84569300383
841628396078
84328396078
841626490137
84326490137
84943340398
841626214859
84326214859
841667216694
84367216694
84903690377
841639244112
84339244112
84971793603
841269911518
84769911518
841637454254
84337454254
84902723626
84918475841
84912679080
841676741346
84376741346
84931685968
84903709657
841656188035
84356188035
84919182953
841688003845
84388003845
84912528059
84909809866
84975235947
84985212450
84989689786
841684287918
84384287918
841692225477
84392225477
84989792873
84934396965
84985014737
841217012012
84797012012
84938382893
841673581479
84373581479
841694382799
84394382799
84962150235
841636698803
84336698803
841225513003
84775513003
84977398836
841666099836
84366099836
841675744298
84375744298
841628949952
84328949952
84994015909
841673388253
84373388253
84916520010
841679944577
84379944577
841212184115
84792184115
841652935665
84352935665
84969194005
84986679864
841257290416
84857290416
841647927557
84347927557
841665979966
84365979966
841632410094
84332410094
84949937616
84908503659
841699787491
84399787491
841215666415
84795666415
841672343656
84372343656
84988043763
841673821151
84373821151
84984659255
841676000011
84376000011
84909887257
84982542082
841653946561
84353946561
841219128303
84799128303
841662511996
84362511996
841693601350
84393601350
841695337041
84395337041
84936839385
84946026666
84942846886
84988929898
84948792295
84963302202
841259392587
84859392587
841696911318
84396911318
841666886886
84366886886
84906019191
84975358867
84983177789
841633832486
84333832486
841667622652
84367622652
841689936049
84389936049
84912671881
84916239933
84982678471
84971993993
84984084090
841689418531
84389418531
84987515369
841649727148
84349727148
84949061189
841677196994
84377196994
84946762266
84934534839
84963033663
84946211993
84977599499
841666999096
84366999096
84912508692
841648877989
84348877989
84979958351
841656089559
84356089559
84982386009
84946562365
841659898989
84359898989
841663811723
84363811723
84977913813
84963025100
84979944316
841226228086
84776228086
841639588489
84339588489
84901775993
84973798936
84936368600
84985701818
84904336135
84912329299
841685529999
84385529999
84987589911
841656092114
84356092114
841666228111
84366228111
841649598898
84349598898
84932322399
84946170691
841682341837
84382341837
84962442287
84912466067
84916998228
84982987934
84916086034
84969844977
84986178203
84986957652
84934433999
84964314826
84983326696
84936898066
84989992565
84934360738
84908834522
84963689906
84936322933
841683155447
84383155447
84914506710
84916825378
84901792689
841667173379
84367173379
84979051293
84946668444
84982637103
84987470880
84965309234
84933986688
841686038037
84386038037
84969001128
841226288437
84776288437
84978025116
841694836893
84394836893
84976568882
84966594648
841683702924
84383702924
84961619496
841658067810
84358067810
84982968094
841658725799
84358725799
84984440345
841654994130
84354994130
84982117788
841676563202
84376563202
84982526192
84985403028
841256101573
84856101573
84933141641
84972089550
84964184466
84946702153
84964176328
84929338389
84979170146
841639893895
84339893895
84917999983
84943670346
84989724946
84968990305
84966681646
84973026183
841254753390
84854753390
84977023164
841636190979
84336190979
84973007387
841653442971
84353442971
841666684087
84366684087
84976178266
841666727791
84366727791
84989715306
841698356016
84398356016
84978882888
84964608028
84908416182
841636326894
84336326894
84901739644
841229990019
84779990019
84964380183
84975705310
841675993450
84375993450
841634445367
84334445367
841638580843
84338580843
84983311792
841696097969
84396097969
841643848355
84343848355
84967206343
841682976370
84382976370
84978869727
84933292357
84974798668
841682910566
84382910566
84977646027
841675383231
84375383231
841652843855
84352843855
84943078494
841678244291
84378244291
84914797914
841648426675
84348426675
841629999696
84329999696
841656889085
84356889085
841672197312
84372197312
84965290758
84943087077
84906249999
84984233730
84977894139
84965238650
84974658312
84901290832
841645524004
84345524004
84972526798
84945063218
841685802204
84385802204
841662249263
84362249263
84962139982
84973908116
84978030003
841698151947
84398151947
84978479846
84935868306
841642486933
84342486933
84973563652
841698659649
84398659649
841206723313
84706723313
84942891120
841205592929
84705592929
84906069954
84943039669
841253808828
84853808828
84977805129
84979210821
84911488839
841654452787
84354452787
84914499264
841252497115
84852497115
841258568568
84858568568
841632664384
84332664384
84934619234
841218868379
84798868379
84943660464
841665243794
84365243794
84988166590
841228840955
84778840955
841644988182
84344988182
841273134646
84813134646
841674909582
84374909582
841224980814
84774980814
84983576642
84987290785
841647647888
84347647888
841299217596
84829217596
841696608971
84396608971
84914991699
84972731618
84933225381
841636533529
84336533529
84932258883
84982675064
84966460755
84982267231
84983733541
84909012221
841656547558
84356547558
841667885527
84367885527
84983925668
84984025041
841658839439
84358839439
84942663339
84932353592
84945125906
841216876434
84796876434
841647621854
84347621854
84988822238
84919965481
841627735198
84327735198
84907867575
84932632146
841639247650
84339247650
841267385067
84767385067
841656523663
84356523663
84985443612
84909901002
84939409295
84972456882
84979893652
84942270710
84975070773
84978849406
841284915869
84784915869
841255351217
84855351217
841666593628
84366593628
84984675656
841689207751
84389207751
84917865366
84918181895
841668032151
84368032151
841683007948
84383007948
84977907706
84974846313
84913012559
84986296967
84986316975
84909237419
841649840432
84349840432
84923025504
84908789998
84969620832
84966361474
841687800370
84387800370
84977498885
84983665593
84966049302
841289129975
84789129975
84938686989
84962334604
841674120029
84374120029
84962946863
84973758550
841665571419
84365571419
84912804425
84905329805
84984033546
84902082887
84944163049
84987550002
841682224948
84382224948
84988222262
84944940626
84979781912
84916943434
84913217766
841634930973
84334930973
84973749490
84982782497
84916181633
841665160225
84365160225
84913651257
84917216823
84962085842
84975021048
841636926236
84336926236
841689958205
84389958205
84968819898
841636312141
84336312141
84966749906
84917162097
841699910054
84399910054
841683473574
84383473574
84947226998
841653833524
84353833524
841299136386
84829136386
84901497629
84985624771
84981303757
841665415197
84365415197
84925130991
84916074615
841649774504
84349774504
841284542546
84784542546
841682880214
84382880214
841693954204
84393954204
84967425568
84927002559
841864427356
84564427356
84976180023
84928258759
84978090477
84901017305
84985465933
841657352381
84357352381
841282911456
84782911456
84966374888
841254226868
84854226868
84902875165
84947661510
841883476059
84583476059
841677109069
84377109069
841292913434
84822913434
841632814332
84332814332
841644133177
84344133177
841696739193
84396739193
84948529852
84987521838
841636395689
84336395689
84913031120
841296296512
84826296512
84962217732
84918186822
84923660223
841227455329
84777455329
84974772334
84987706926
84972514842
84931055489
841677078848
84377078848
841635090371
84335090371
84906116866
84979576430
84918589053
841655213264
84355213264
841666899940
84366899940
84934556569
84987795181
841688900154
84388900154
84901064072
84962398768
84966983880
841638349808
84338349808
84989766350
84906242191
84977222550
84962993673
841627755006
84327755006
84904702467
841642754566
84342754566
841689600947
84389600947
84961249619
841665306800
84365306800
841282393863
84782393863
84916532050
84975165212
84942774949
84919751981
84986009489
84968445249
84971242209
841657612251
84357612251
841638694916
84338694916
84918070220
84913904728
841222071066
84772071066
84901531467
84909843789
841266311253
84766311253
841664233534
84364233534
841653526826
84353526826
84937019933
84943429996
84985595511
841682783822
84382783822
841677410746
84377410746
84905503555
84968685569
84964556110
841693540070
84393540070
84905368034
841259828825
84859828825
84968266223
84949467862
841253333954
84853333954
841246233789
84846233789
84912217278
84964806741
84972759163
841663690856
84363690856
84932384889
84919001258
841645989211
84345989211
84963988976
84969953809
84969160822
84978466168
841299864480
84829864480
84963342290
84976327347
84979320477
84943434553
841679001284
84379001284
84931393021
841656150814
84356150814
84963159993
841299680607
84829680607
84914371083
84916346261
84996181183
841267331807
84767331807
84966621450
841673372284
84373372284
841639088105
84339088105
84986819715
841654893866
84354893866
84982909459
841633866828
84333866828
84939488874
841689701483
84389701483
841269008582
84769008582
84975399868
841675587539
84375587539
841664406668
84364406668
841252973826
84852973826
84983262555
841638046296
84338046296
841672272650
84372272650
84937538488
84906789945
841236845092
84836845092
841232741970
84832741970
84942040700
84902534922
84933474886
841683062142
84383062142
841662911945
84362911945
841212441246
84792441246
841696200892
84396200892
84968247313
841266964963
84766964963
84978008648
841659652092
84359652092
841655123107
84355123107
84973399196
841667708576
84367708576
841669284471
84369284471
84969754383
841689537070
84389537070
84946123492
841645362552
84345362552
84962452233
84917473980
841692539424
84392539424
84914682095
84976471742
84936688380
84988143540
84968397671
84978551721
84981375222
84902073422
84938177919
841213869669
84793869669
84963921552
84914475827
84907179356
841693000659
84393000659
84949499744
84983386273
84962631340
84911277721
84982030673
84909771090
84904638338
84979376542
84963353969
84918384606
84983845786
841295050192
84825050192
84936075598
84932363346
841654245138
84354245138
841262177158
84762177158
841684992310
84384992310
84977917933
84982155475
84939466704
84912789091
84989057560
841698110580
84398110580
84976662823
84962237542
84938759341
841293261674
84823261674
841212670320
84792670320
84919840606
84934480803
841696111071
84396111071
84974556920
841666955578
84366955578
84946535828
841645005496
84345005496
84933006140
84986491968
84919046053
84907764294
84983737237
841636399343
84336399343
84931404157
84912589626
84983996337
84905387821
84939716315
84979222391
841635393983
84335393983
84901454394
841237541237
84837541237
841674014231
84374014231
841677712134
84377712134
84984168988
84985728922
84939849624
84937284097
84925467468
84987132436
84962643806
84902142744
841689553416
84389553416
84933043914
84989499394
84981373585
841668645312
84368645312
841884458667
84584458667
84982602613
84933127031
841682670594
84382670594
84974869348
84982025026
841695354914
84395354914
84907245437
841882148930
84582148930
841252913377
84852913377
84946511007
841245990905
84845990905
84911580509
841654031669
84354031669
841203176430
84703176430
841635843125
84335843125
84945135288
84917928500
841693722623
84393722623
84912514733
84902781882
84937090112
84971860171
84941531354
84908652286
84966663009
84918205081
841675226798
84375226798
841208208350
84708208350
841654738987
84354738987
841626416876
84326416876
841643971876
84343971876
841674599759
84374599759
84961930428
841672072494
84372072494
841245051201
84845051201
84906621974
84938034148
841655382915
84355382915
84989049502
841695785603
84395785603
84914796764
841677117710
84377117710
84961211811
84977285415
84962625499
84976766118
841215616161
84795616161
84946066029
84979238193
841652107399
84352107399
84913418490
84907093637
84919426127
841217989389
84797989389
841674685328
84374685328
84989635150
841685797575
84385797575
84934581796
841683279390
84383279390
841252228741
84852228741
841645749600
84345749600
84966278792
841279920364
84819920364
841698718393
84398718393
841653637460
84353637460
841633994007
84333994007
84967867349
84988909514
84902017985
84934139077
84937980924
84914633449
841247547457
84847547457
84903006857
841223377994
84773377994
84985920928
84995706888
841212972386
84792972386
84903720932
841645322619
84345322619
84979660207
84984222224
841633855543
84333855543
84965907148
84974544993
84978776372
84932522538
841262537965
84762537965
84918446671
84975503547
841207899048
84707899048
841655525955
84355525955
84974741736
84971733521
841224982192
84774982192
841678985363
84378985363
841638848478
84338848478
841667676875
84367676875
84964433385
84907577682
84983329483
84989142838
841217183738
84797183738
841648725795
84348725795
841684252316
84384252316
84946270916
84964262832
84939014057
84939269144
841638335832
84338335832
841214514109
84794514109
84966166309
84989642621
84908128874
84908786526
84908954556
84988163436
84982153446
841675934988
84375934988
84975314157
84967639767
841204705859
84704705859
84908081745
84978265897
84964330226
84986432569
84969813619
841255487439
84855487439
841665336820
84365336820
841663622438
84363622438
84922979012
841685869678
84385869678
84964101662
84911540882
841666730176
84366730176
84925700851
84967925049
84943871433
841643539857
84343539857
841644246093
84344246093
841694535775
84394535775
84962312978
84945294249
84933724738
84961845709
84974534920
841884455286
84584455286
84925000926
841666853723
84366853723
84902412400
84968571968
841215262621
84795262621
84902870870
84905939337
841634832807
84334832807
84978922369
841656091892
84356091892
841228966217
84778966217
84943672157
84962543271
84979708149
84987669971
84948492159
841693310452
84393310452
84969927218
84907597318
84988656093
84965960654
84918205609
84915285935
841657118234
84357118234
84942983985
84969707560
841635776757
84335776757
841632683748
84332683748
841676380641
84376380641
841635218182
84335218182
84946180789
84978470184
841626796001
84326796001
84965976253
84934372811
841638252743
84338252743
84988504207
841685231883
84385231883
84963002696
841286276789
84786276789
841217353411
84797353411
84985093277
84919173987
84904957690
84907567447
84964361302
841629155598
84329155598
841696059152
84396059152
84962389338
84915039023
84979868590
84919853742
841648991228
84348991228
841687923454
84387923454
841687073691
84387073691
84943204781
841629404089
84329404089
84985509672
84903300569
841668132693
84368132693
841692242600
84392242600
84935885198
841696669478
84396669478
841652903274
84352903274
841654714186
84354714186
84975510365
841672111306
84372111306
84961641632
841283313797
84783313797
841662589362
84362589362
84983330327
841277117733
84817117733
841653957729
84353957729
841203916243
84703916243
84939674764
84908660747
84972466491
84989210119
841239199170
84839199170
84906279439
84943413134
841665521972
84365521972
841698484577
84398484577
84907411194
841292470322
84822470322
84937507507
84982992510
84972997127
841216991895
84796991895
84909852101
84988342673
84986738706
841688693024
84388693024
84936550555
84932638942
841666488156
84366488156
841864627862
84564627862
84965969957
84926177229
841658162561
84358162561
841636465611
84336465611
841213530327
84793530327
84969229528
841253650769
84853650769
841695288427
84395288427
84909326426
841208049048
84708049048
84909158531
841626500039
84326500039
84907889279
84906773938
84906346873
841657238075
84357238075
841674769698
84374769698
84979676393
841228603455
84778603455
84977119457
84936939414
841694343879
84394343879
84978802759
84981792099
84981610576
841693039320
84393039320
84961467763
841286281316
84786281316
84923280196
841636314958
84336314958
84943542333
84937170609
841683211520
84383211520
841208933389
84708933389
84972191029
84983616433
841667513200
84367513200
84936638516
841212299274
84792299274
84947850890
841682497932
84382497932
84974647923
84939703268
84936787589
84986889988
84904168616
84977383428
841682193969
84382193969
84946469470
841629350288
84329350288
841236789344
84836789344
84974366354
84943440178
84918379716
84908779577
84933976263
84969933744
84923597030
841223753356
84773753356
84983873845
84988459063
841285956252
84785956252
84978306596
84984292944
841264938561
84764938561
84931236530
84908872796
841683550295
84383550295
84982691339
84937902354
84939396411
84983340985
84908163661
841259192540
84859192540
84979667093
84918072749
841222602603
84772602603
84942892514
84979063624
84903626859
84947634500
84976356332
84984989022
84974659042
84908629720
84981954748
841698543385
84398543385
841652654466
84352654466
841698298079
84398298079
84908893955
841649510397
84349510397
841699938581
84399938581
841643173060
84343173060
841677451394
84377451394
84976436873
841267962629
84767962629
84931018299
841694342387
84394342387
841643157547
84343157547
84917294009
841863641002
84563641002
841643230622
84343230622
841694328084
84394328084
84961798189
841695273302
84395273302
841887484554
84587484554
84919831639
84986431433
841684076253
84384076253
84967106680
84984519316
84962164207
841696964053
84396964053
841282000559
84782000559
84944756723
84933808365
84914305109
84976698541
841667456354
84367456354
84909216218
84947935044
84986001450
84977061288
84939577799
841675550254
84375550254
84903666131
84925025068
841687617020
84387617020
84909261746
841673246266
84373246266
84963664344
84964426412
841698671783
84398671783
84946254537
841663311304
84363311304
84933820116
841665556513
84365556513
84949510808
84916615584
84936509355
841233233060
84833233060
84971113141
84967834949
841636445459
84336445459
84963636634
841265480167
84765480167
84975739029
84909770013
841684495263
84384495263
841885567545
84585567545
841687391234
84387391234
841638308999
84338308999
841642718377
84342718377
84918395584
841673007565
84373007565
841638355177
84338355177
84916299069
84967759882
841656704877
84356704877
841674468611
84374468611
841239361423
84839361423
841655641400
84355641400
841657256463
84357256463
841653438571
84353438571
84972962926
841666508500
84366508500
841207997486
84707997486
84936124119
84967422320
841636428161
84336428161
84906399935
84961426715
84986317875
84971041779
84965314849
84949062477
841214300552
84794300552
84973148394
841252627826
84852627826
84942005700
84964428846
84912412585
841682412674
84382412674
84907948554
84905402586
84908133593
84908210617
84985000001
841645069695
84345069695
841884708817
84584708817
841695277737
84395277737
841655296535
84355296535
841675673033
84375673033
841653318086
84353318086
841217795103
84797795103
841214980953
84794980953
841672387660
84372387660
841663120866
84363120866
84901910978
841627981661
84327981661
841665145179
84365145179
84978996296
84965139107
84968968928
84915669030
84983290195
84973831427
84928115133
84905752338
84947170827
84909729221
841637420334
84337420334
84944039631
84985117787
84915704576
841697878779
84397878779
84981685781
841699373489
84399373489
841223307868
84773307868
84914855522
84963918249
84906665232
84988832667
84908873114
84907809584
841215480689
84795480689
841863082860
84563082860
84977533525
841697824935
84397824935
841652729261
84352729261
84903018379
84946488283
84908843465
84914516638
841676784472
84376784472
84936836493
84972799388
841674663094
84374663094
841648198386
84348198386
84946362113
841664684738
84364684738
841203393080
84703393080
841659791620
84359791620
841666008018
84366008018
841636652476
84336652476
84981279678
84925201079
841647571434
84347571434
841668658311
84368658311
84988189118
84941713459
841259577686
84859577686
84986094316
841639342594
84339342594
84979648542
841644277930
84344277930
841283676413
84783676413
84982463578
841648265150
84348265150
84978023109
841288526479
84788526479
841647219228
84347219228
841654264070
84354264070
84975014130
84985568522
841269877678
84769877678
84911329103
84976115730
841675032839
84375032839
84937823723
84997655773
841208928320
84708928320
84902135281
841669221290
84369221290
84975076448
84923655449
841697928773
84397928773
841688762128
84388762128
841647222123
84347222123
84934343765
84937440339
84931861523
84981820809
841647548030
84347548030
84933404058
841633333400
84333333400
841678572089
84378572089
841208343822
84708343822
841863586758
84563586758
841665543769
84365543769
841676601504
84376601504
84948694442
841225791829
84775791829
841218316773
84798316773
84987571726
84979827191
841686337112
84386337112
841287757322
84787757322
84936846627
841634935732
84334935732
84913999001
84939599961
841699749509
84399749509
84974219856
84937848029
841686363014
84386363014
84989835239
84905856141
84949943743
841639532465
84339532465
841206334065
84706334065
841689839387
84389839387
84976981737
841633484479
84333484479
84942657770
84977812264
84914289856
84906896342
84917264210
84912267698
84944241091
841687106873
84387106873
84972330325
84947508463
84988599824
84909686650
84902345066
84985126678
84962921381
841639077398
84339077398
84905818885
841696726350
84396726350
84909712150
84909149343
841664513580
84364513580
841207716247
84707716247
84983084579
84949410839
84903685735
84988937039
841234599268
84834599268
84968966212
841212632116
84792632116
84942040063
841686345199
84386345199
84987642800
84902958903
84908073713
84942957892
841658745464
84358745464
84906417950
841675341701
84375341701
84928194094
841649425524
84349425524
841683378751
84383378751
841277990900
84817990900
84971244052
841628815387
84328815387
84976224420
841678153855
84378153855
84917755986
841656053458
84356053458
841656660476
84356660476
84984492735
841658797933
84358797933
84974331765
84935622811
84916681839
841642454492
84342454492
84983354124
84939576534
84941118515
84948289919
84969916389
84944828248
84901677776
84972581412
84976482874
84965815467
841292666275
84822666275
84913084639
84933784356
84908468018
84946219542
84942800768
841657773498
84357773498
84917225242
84977319190
841675867197
84375867197
84972676202
841636217791
84336217791
841215451849
84795451849
84949593341
84908705722
841626102072
84326102072
84901328932
84972896130
841667755344
84367755344
841229966887
84779966887
84995886461
84919710303
84942750467
84936742277
84932081051
841267059365
84767059365
84979192210
841672434586
84372434586
84935655985
841698114038
84398114038
84906499014
84906936545
841629291404
84329291404
841686030119
84386030119
841265599007
84765599007
84976326733
84971792675
84975799351
841693127953
84393127953
841215625328
84795625328
841648990263
84348990263
84988890107
84918427738
84905824628
841635538209
84335538209
84903828053
84904227939
841286196670
84786196670
841675444615
84375444615
841683439987
84383439987
84902896986
84982399618
84963523781
84916540780
841626200585
84326200585
841636931364
84336931364
841685735456
84385735456
84983831990
84964335352
841208345619
84708345619
84975785634
84905935786
84939231247
84949882179
841223388161
84773388161
84902131656
84977781643
841655683425
84355683425
84966721851
84933998441
841663959260
84363959260
84915674678
841666919058
84366919058
84975104418
84937996965
841284276283
84784276283
84972038528
841697625589
84397625589
84901913104
841664044145
84364044145
841299724515
84829724515
84908917788
84946909706
84943034433
841654151041
84354151041
84964071911
841212419435
84792419435
84997878079
84934554539
841682191270
84382191270
84914936040
84919279366
841234172435
84834172435
841663818230
84363818230
841642833139
84342833139
84968909321
841627610010
84327610010
84907116295
841699797233
84399797233
84934792474
841284481543
84784481543
841668441888
84368441888
84918676684
841202413538
84702413538
84983560864
841627220301
84327220301
84909441664
84976870844
841697739192
84397739192
84933923237
841202115333
84702115333
84989765567
841667008959
84367008959
841212076702
84792076702
84938109179
84967638831
84973226868
84979360478
84939955533
84961814027
84915703920
841296659993
84826659993
841633039077
84333039077
841884162215
8458432215
841654349283
84354349283
84988762030
841208320392
84708320392
84961517203
841677175705
84377175705
84907810381
841627855328
84327855328
841673236251
84373236251
84902356527
841246537704
84846537704
841253400568
84853400568
84987233372
84975870805
84937162452
84984440088
84932163344
841222012496
84772012496
84916859490
84979162297
84915839417
841637827578
84337827578
84938023287
84918031261
841292580468
84822580468
84933161677
84908751700
84932141561
84988816145
84906707411
84969477003
841652137193
84352137193
84977695849
841885553588
84585553588
841665445914
84365445914
84974536906
84968624323
84989141109
841689399727
84389399727
841285476743
84785476743
84924703784
84919374240
84983744907
84965340768
841259204499
84859204499
84918501041
841239480046
84839480046
84931221840
84918886820
841229093184
84779093184
84942507915
841644319760
84344319760
84984194825
84918923119
841696400882
84396400882
841264406499
84764406499
841666650444
84366650444
84904459888
841234329721
84834329721
841208313007
84708313007
841865264061
84565264061
841644600449
84344600449
84974062598
84924586196
841699032084
84399032084
841684547966
84384547966
84907171953
841214239958
84794239958
84945322654
841688131050
84388131050
841639651331
84339651331
84932134077
84901021181
84933620404
84946822072
84983765188
84972820519
841215423987
84795423987
841629797138
84329797138
84939352219
84903943918
84909535383
841645286153
84345286153
84918642898
84919509620
841272270070
84812270070
841646998305
84346998305
84972572245
841673630626
84373630626
84913321399
84948201983
841684218258
84384218258
841693857861
84393857861
84966271933
84934032831
84979102464
84938035770
84967650870
841266936602
84766936602
84968876367
84914131255
841632933319
84332933319
841687552363
84387552363
84983604586
841255688868
84855688868
84982939428
84968826327
84916640097
84985282339
84905356380
841665566012
84365566012
84903341138
841647929093
84347929093
841865447446
84565447446
84986733624
841219610881
84799610881
841696355402
84396355402
841683330126
84383330126
84984141580
841688690882
84388690882
84982949677
84932810036
841215197004
84795197004
841225434141
84775434141
84986155940
84969407011
84949535599
841629481736
84329481736
841235869251
84835869251
84976369373
841636624600
84336624600
84938379397
84908866098
84917877595
84912860912
841288786611
84788786611
84909383530
84918785950
84902582500
84973794899
841669973266
84369973266
84961662050
841633006586
84333006586
841662072552
84362072552
84989388690
841226113195
84776113195
84914664178
841256238378
84856238378
841212028288
84792028288
84945439701
84903002910
841679879928
84379879928
841204048536
84704048536
84939268003
841628400469
84328400469
84904789888
841626859589
84326859589
841653053453
84353053453
84987720422
84933092658
841666018168
84366018168
84907591021
84903659659
841669015953
84369015953
84946149287
841669014004
84369014004
84984065327
84909298512
841685097028
84385097028
84982265410
841655617561
84355617561
841267887673
84767887673
841673036017
84373036017
84905618163
84907494900
841235866039
84835866039
84944074333
84906374145
841265060341
84765060341
841207458548
84707458548
84911755145
841633939558
84333939558
84987002082
84963252363
841659180874
84359180874
841269009613
84769009613
84942512858
84942887733
84936412731
84901275241
84982032824
84985517719
841226832683
84776832683
841678724067
84378724067
841277441000
84817441000
84947201329
841652709018
84352709018
841688328911
84388328911
84985199882
841657255602
84357255602
841218676424
84798676424
84946224159
841636849626
84336849626
841689848702
84389848702
84906501550
841235107686
84835107686
84988977348
841225771603
84775771603
841684278779
84384278779
841216517162
84796517162
841668973254
84368973254
841662653687
84362653687
84939028949
84984312662
84916697385
84908476579
841666515237
84366515237
84946466876
841654518672
84354518672
84985666854
84909929912
841672371533
84372371533
841664474544
84364474544
84903244019
84938863990
841217676092
84797676092
841698222463
84398222463
841267015067
84767015067
84981451382
84962727997
84915741643
841667648029
84367648029
841683780845
84383780845
841673950039
84373950039
84969829363
84909906327
84916311103
84964511791
84965992334
84949499473
84933390238
84977647437
84967272100
84976249422
841864521823
84564521823
841667084109
84367084109
841666469201
84366469201
84988814222
84972588447
84918818335
841237157554
84837157554
84972151838
84969030109
84973221842
